Original: 			Calculated raw: 		Difference (R_original - R_calculated):
0.975528, -0.0244717, -0.218508, 	0.973526, -0.0140815, -0.228143, 0.0020025, -0.0103903, 0.00963516, 
-0.0244717, 0.975528, -0.218508, 	-0.0340128, 0.978065, -0.205507, 0.00954102, -0.00253626, -0.0130015, 
0.218508, 0.218508, 0.951057, 	0.226033, 0.207826, 0.951692, -0.00752457, 0.0106823, -0.000635534, 
Translation: 
Original: 			Calculated raw: 		Difference (T_original - T_calculated):
     0.7,     -0.3,      0.6, 	0.717926, -0.312915, 0.621825, 	-0.017926, 0.0129148, -0.0218252, 
Original: 			Calculated raw: 		Difference (R_original - R_calculated):
0.975528, -0.0244717, -0.218508, 	0.973504, -0.026968, -0.227076, 0.00202471, 0.00249622, 0.0085681, 
-0.0244717, 0.975528, -0.218508, 	-0.0233825, 0.976077, -0.216164, -0.00108926, -0.000548727, -0.00234377, 
0.218508, 0.218508, 0.951057, 	0.227473, 0.215746, 0.949584, -0.00896526, 0.00276175, 0.00147268, 
Translation: 
Original: 			Calculated raw: 		Difference (T_original - T_calculated):
     0.7,     -0.3,      0.6, 	0.727958, -0.306543, 0.613277, 	-0.027958, 0.00654281, -0.0132769, 
Original: 			Calculated raw: 		Difference (R_original - R_calculated):
0.975528, -0.0244717, -0.218508, 	0.973526, -0.0140815, -0.228143, 0.0020025, -0.0103903, 0.00963516, 
-0.0244717, 0.975528, -0.218508, 	-0.0340128, 0.978065, -0.205507, 0.00954102, -0.00253626, -0.0130015, 
0.218508, 0.218508, 0.951057, 	0.226033, 0.207826, 0.951692, -0.00752457, 0.0106823, -0.000635534, 
Translation: 
Original: 			Calculated raw: 		Difference (T_original - T_calculated):
     0.7,     -0.3,      0.6, 	0.717926, -0.312915, 0.621825, 	-0.017926, 0.0129148, -0.0218252, 
Original: 			Calculated raw: 		Difference (R_original - R_calculated):
0.975528, -0.0244717, -0.218508, 	0.973504, -0.026968, -0.227076, 0.00202471, 0.00249622, 0.0085681, 
-0.0244717, 0.975528, -0.218508, 	-0.0233825, 0.976077, -0.216164, -0.00108926, -0.000548727, -0.00234377, 
0.218508, 0.218508, 0.951057, 	0.227473, 0.215746, 0.949584, -0.00896526, 0.00276175, 0.00147268, 
Translation: 
Original: 			Calculated raw: 		Difference (T_original - T_calculated):
     0.7,     -0.3,      0.6, 	0.727958, -0.306543, 0.613277, 	-0.027958, 0.00654281, -0.0132769, 
Original: 			Calculated raw: 		Difference (R_original - R_calculated):
0.975528, -0.0244717, -0.218508, 	0.973526, -0.0140815, -0.228143, 0.0020025, -0.0103903, 0.00963516, 
-0.0244717, 0.975528, -0.218508, 	-0.0340128, 0.978065, -0.205507, 0.00954102, -0.00253626, -0.0130015, 
0.218508, 0.218508, 0.951057, 	0.226033, 0.207826, 0.951692, -0.00752457, 0.0106823, -0.000635534, 
Translation: 
Original: 			Calculated raw: 		Difference (T_original - T_calculated):
     0.7,     -0.3,      0.6, 	0.717926, -0.312915, 0.621825, 	-0.017926, 0.0129148, -0.0218252, 
Original: 			Calculated raw: 		Difference (R_original - R_calculated):
0.975528, -0.0244717, -0.218508, 	0.973504, -0.026968, -0.227076, 0.00202471, 0.00249622, 0.0085681, 
-0.0244717, 0.975528, -0.218508, 	-0.0233825, 0.976077, -0.216164, -0.00108926, -0.000548727, -0.00234377, 
0.218508, 0.218508, 0.951057, 	0.227473, 0.215746, 0.949584, -0.00896526, 0.00276175, 0.00147268, 
Translation: 
Original: 			Calculated raw: 		Difference (T_original - T_calculated):
     0.7,     -0.3,      0.6, 	0.727958, -0.306543, 0.613277, 	-0.027958, 0.00654281, -0.0132769, 
Original: 			Calculated raw: 		Difference (R_original - R_calculated):
0.975528, -0.0244717, -0.218508, 	0.973526, -0.0140815, -0.228143, 0.0020025, -0.0103903, 0.00963516, 
-0.0244717, 0.975528, -0.218508, 	-0.0340128, 0.978065, -0.205507, 0.00954102, -0.00253626, -0.0130015, 
0.218508, 0.218508, 0.951057, 	0.226033, 0.207826, 0.951692, -0.00752457, 0.0106823, -0.000635534, 
Translation: 
Original: 			Calculated raw: 		Difference (T_original - T_calculated):
     0.7,     -0.3,      0.6, 	0.717926, -0.312915, 0.621825, 	-0.017926, 0.0129148, -0.0218252, 
Original: 			Calculated raw: 		Difference (R_original - R_calculated):
0.975528, -0.0244717, -0.218508, 	0.973504, -0.026968, -0.227076, 0.00202471, 0.00249622, 0.0085681, 
-0.0244717, 0.975528, -0.218508, 	-0.0233825, 0.976077, -0.216164, -0.00108926, -0.000548727, -0.00234377, 
0.218508, 0.218508, 0.951057, 	0.227473, 0.215746, 0.949584, -0.00896526, 0.00276175, 0.00147268, 
Translation: 
Original: 			Calculated raw: 		Difference (T_original - T_calculated):
     0.7,     -0.3,      0.6, 	0.727958, -0.306543, 0.613277, 	-0.027958, 0.00654281, -0.0132769, 
Original: 			Calculated raw: 		Difference (R_original - R_calculated):
0.975528, -0.0244717, -0.218508, 	0.973526, -0.0140815, -0.228143, 0.0020025, -0.0103903, 0.00963516, 
-0.0244717, 0.975528, -0.218508, 	-0.0340128, 0.978065, -0.205507, 0.00954102, -0.00253626, -0.0130015, 
0.218508, 0.218508, 0.951057, 	0.226033, 0.207826, 0.951692, -0.00752457, 0.0106823, -0.000635534, 
Translation: 
Original: 			Calculated raw: 		Difference (T_original - T_calculated):
     0.7,     -0.3,      0.6, 	0.717926, -0.312915, 0.621825, 	-0.017926, 0.0129148, -0.0218252, 
Original: 			Calculated raw: 		Difference (R_original - R_calculated):
0.975528, -0.0244717, -0.218508, 	0.973504, -0.026968, -0.227076, 0.00202471, 0.00249622, 0.0085681, 
-0.0244717, 0.975528, -0.218508, 	-0.0233825, 0.976077, -0.216164, -0.00108926, -0.000548727, -0.00234377, 
0.218508, 0.218508, 0.951057, 	0.227473, 0.215746, 0.949584, -0.00896526, 0.00276175, 0.00147268, 
Translation: 
Original: 			Calculated raw: 		Difference (T_original - T_calculated):
     0.7,     -0.3,      0.6, 	0.727958, -0.306543, 0.613277, 	-0.027958, 0.00654281, -0.0132769, 
Original: 			Calculated raw: 		Difference (R_original - R_calculated):
0.975528, -0.0244717, -0.218508, 	0.973526, -0.0140815, -0.228143, 0.0020025, -0.0103903, 0.00963516, 
-0.0244717, 0.975528, -0.218508, 	-0.0340128, 0.978065, -0.205507, 0.00954102, -0.00253626, -0.0130015, 
0.218508, 0.218508, 0.951057, 	0.226033, 0.207826, 0.951692, -0.00752457, 0.0106823, -0.000635534, 
Translation: 
Original: 			Calculated raw: 		Difference (T_original - T_calculated):
     0.7,     -0.3,      0.6, 	0.717926, -0.312915, 0.621825, 	-0.017926, 0.0129148, -0.0218252, 
Original: 			Calculated raw: 		Difference (R_original - R_calculated):
0.975528, -0.0244717, -0.218508, 	0.973504, -0.026968, -0.227076, 0.00202471, 0.00249622, 0.0085681, 
-0.0244717, 0.975528, -0.218508, 	-0.0233825, 0.976077, -0.216164, -0.00108926, -0.000548727, -0.00234377, 
0.218508, 0.218508, 0.951057, 	0.227473, 0.215746, 0.949584, -0.00896526, 0.00276175, 0.00147268, 
Translation: 
Original: 			Calculated raw: 		Difference (T_original - T_calculated):
     0.7,     -0.3,      0.6, 	0.727958, -0.306543, 0.613277, 	-0.027958, 0.00654281, -0.0132769, 
Original: 			Calculated raw: 		Difference (R_original - R_calculated):
0.975528, -0.0244717, -0.218508, 	0.973526, -0.0140815, -0.228143, 0.0020025, -0.0103903, 0.00963516, 
-0.0244717, 0.975528, -0.218508, 	-0.0340128, 0.978065, -0.205507, 0.00954102, -0.00253626, -0.0130015, 
0.218508, 0.218508, 0.951057, 	0.226033, 0.207826, 0.951692, -0.00752457, 0.0106823, -0.000635534, 
Translation: 
Original: 			Calculated raw: 		Difference (T_original - T_calculated):
     0.7,     -0.3,      0.6, 	0.717926, -0.312915, 0.621825, 	-0.017926, 0.0129148, -0.0218252, 
Original: 			Calculated raw: 		Difference (R_original - R_calculated):
0.975528, -0.0244717, -0.218508, 	0.973504, -0.026968, -0.227076, 0.00202471, 0.00249622, 0.0085681, 
-0.0244717, 0.975528, -0.218508, 	-0.0233825, 0.976077, -0.216164, -0.00108926, -0.000548727, -0.00234377, 
0.218508, 0.218508, 0.951057, 	0.227473, 0.215746, 0.949584, -0.00896526, 0.00276175, 0.00147268, 
Translation: 
Original: 			Calculated raw: 		Difference (T_original - T_calculated):
     0.7,     -0.3,      0.6, 	0.727958, -0.306543, 0.613277, 	-0.027958, 0.00654281, -0.0132769, 
Original: 			Calculated raw: 		Difference (R_original - R_calculated):
0.975528, -0.0244717, -0.218508, 	0.973526, -0.0140815, -0.228143, 0.0020025, -0.0103903, 0.00963516, 
-0.0244717, 0.975528, -0.218508, 	-0.0340128, 0.978065, -0.205507, 0.00954102, -0.00253626, -0.0130015, 
0.218508, 0.218508, 0.951057, 	0.226033, 0.207826, 0.951692, -0.00752457, 0.0106823, -0.000635534, 
Translation: 
Original: 			Calculated raw: 		Difference (T_original - T_calculated):
     0.7,     -0.3,      0.6, 	0.717926, -0.312915, 0.621825, 	-0.017926, 0.0129148, -0.0218252, 
Original: 			Calculated raw: 		Difference (R_original - R_calculated):
0.975528, -0.0244717, -0.218508, 	0.973504, -0.026968, -0.227076, 0.00202471, 0.00249622, 0.0085681, 
-0.0244717, 0.975528, -0.218508, 	-0.0233825, 0.976077, -0.216164, -0.00108926, -0.000548727, -0.00234377, 
0.218508, 0.218508, 0.951057, 	0.227473, 0.215746, 0.949584, -0.00896526, 0.00276175, 0.00147268, 
Translation: 
Original: 			Calculated raw: 		Difference (T_original - T_calculated):
     0.7,     -0.3,      0.6, 	0.727958, -0.306543, 0.613277, 	-0.027958, 0.00654281, -0.0132769, 
Original: 			Calculated raw: 		Difference (R_original - R_calculated):
0.975528, -0.0244717, -0.218508, 	0.973526, -0.0140815, -0.228143, 0.0020025, -0.0103903, 0.00963516, 
-0.0244717, 0.975528, -0.218508, 	-0.0340128, 0.978065, -0.205507, 0.00954102, -0.00253626, -0.0130015, 
0.218508, 0.218508, 0.951057, 	0.226033, 0.207826, 0.951692, -0.00752457, 0.0106823, -0.000635534, 
Translation: 
Original: 			Calculated raw: 		Difference (T_original - T_calculated):
     0.7,     -0.3,      0.6, 	0.717926, -0.312915, 0.621825, 	-0.017926, 0.0129148, -0.0218252, 
Original: 			Calculated raw: 		Difference (R_original - R_calculated):
0.975528, -0.0244717, -0.218508, 	0.973504, -0.026968, -0.227076, 0.00202471, 0.00249622, 0.0085681, 
-0.0244717, 0.975528, -0.218508, 	-0.0233825, 0.976077, -0.216164, -0.00108926, -0.000548727, -0.00234377, 
0.218508, 0.218508, 0.951057, 	0.227473, 0.215746, 0.949584, -0.00896526, 0.00276175, 0.00147268, 
Translation: 
Original: 			Calculated raw: 		Difference (T_original - T_calculated):
     0.7,     -0.3,      0.6, 	0.727958, -0.306543, 0.613277, 	-0.027958, 0.00654281, -0.0132769, 
Original: 			Calculated raw: 		Difference (R_original - R_calculated):
0.975528, -0.0244717, -0.218508, 	0.973526, -0.0140815, -0.228143, 0.0020025, -0.0103903, 0.00963516, 
-0.0244717, 0.975528, -0.218508, 	-0.0340128, 0.978065, -0.205507, 0.00954102, -0.00253626, -0.0130015, 
0.218508, 0.218508, 0.951057, 	0.226033, 0.207826, 0.951692, -0.00752457, 0.0106823, -0.000635534, 
Translation: 
Original: 			Calculated raw: 		Difference (T_original - T_calculated):
     0.7,     -0.3,      0.6, 	0.717926, -0.312915, 0.621825, 	-0.017926, 0.0129148, -0.0218252, 
Original: 			Calculated raw: 		Difference (R_original - R_calculated):
0.975528, -0.0244717, -0.218508, 	0.973504, -0.026968, -0.227076, 0.00202471, 0.00249622, 0.0085681, 
-0.0244717, 0.975528, -0.218508, 	-0.0233825, 0.976077, -0.216164, -0.00108926, -0.000548727, -0.00234377, 
0.218508, 0.218508, 0.951057, 	0.227473, 0.215746, 0.949584, -0.00896526, 0.00276175, 0.00147268, 
Translation: 
Original: 			Calculated raw: 		Difference (T_original - T_calculated):
     0.7,     -0.3,      0.6, 	0.727958, -0.306543, 0.613277, 	-0.027958, 0.00654281, -0.0132769, 
